Q 1 300 200 225.0
W 1 400 250 225.0
Q 2 300 200 225.0
W 2 400 200 225.0
R 4 100 250 250.0
R 6 200 250 250.0
R 6 400 100 255.0
Q 7 100 100 300.0
W 7 300 200 250.0
Q 9 400 200 250.0
W 9 100 200 250.0
E 9 200 150 250.0
Q 10 100 150 300.0
R 10 500 150 300.0
W 12 500 150 233.0
R 12 100 150 100.0
E 13 100 150 275.0
Q 15 100 150 300.0
W 15 200 150 300.0
E 15 300 150 300.0
R 15 400 150 300.0
Q 16 200 150 250.0
W 16 300 150 250.0
E 16 400 150 250.0
R 16 500 150 250.0
Q 17 300 150 275.0
E 17 400 150 275.0
R 17 600 150 275.0
R 18 100 150 325.0
Q 18 50 200 325.0
E 19 200 300 325.0
Q 21 300 200 350.0
R 21 400 200 350.0
E 21 100 200 350.0
Q 23 400 200 350.0
R 24 600 200 350.0
E 25 500 200 350.0
Q 26 350 200 350.0
W 27 360 175 320.0
E 29 350 200 350.0
R 29 350 100 340.0